panelName = 'D'
s  = 0.650000
l  = 0.650000
tp = 0.005000
tw = 0.005000
tf = 0.008870
hw = 0.091130
bf = 0.022110
ef = 0.011055
E  = 206e+09
nu = 0.3
nx = 60
ny = 60
M  = 3
N  = 3